8.443024
8.204948
7.943482
7.714887
7.500611
7.340358
7.263004
7.251850
7.270863
7.295764
7.302349
7.323287
7.350906
7.359181
7.329893
7.322965
7.338816
7.319003
7.280925
7.264857
7.257525
7.221282
7.165659
7.104080
7.046784
6.997619
6.970631
6.973653
6.991509
7.039021
7.065243
7.061025
7.060978
7.086334
7.137033
7.220888
7.324885
7.408125
7.484085
7.550975
7.624670
7.720494
7.793523
7.785679
7.528711
7.153097
6.726513
6.270925
5.839479
5.539647
5.568052
5.629515
5.711977
5.803461
5.861353
5.874594
5.838835
5.770341
5.738987
5.715816
5.706250
5.692802
5.664310
5.638133
5.609324
5.563950
5.499559
5.420831
5.322470
5.248202
5.194803
5.163538
5.141286
5.124864
5.117297
5.121058
5.132591
5.148818
5.176968
5.183952
5.180969
5.172308
5.168446
5.172317
5.186725
5.215825
5.236779
5.265361
5.303859
5.348649
5.387637
5.414897
5.430432
5.430787
5.432531
5.416571
5.390207
5.356083
5.315798
5.265579
5.225639
5.188528
5.149525
5.112881
5.087521
5.058590
5.040802
5.020820
5.009299
5.012579
5.025211
5.036261
5.035514
5.040242
5.041208
5.055147
5.082186
5.116024
5.146868
5.164162
5.153603
5.119130
5.113923
5.106759
5.090071
5.076818
5.072755
5.067768
5.058085
5.041663
5.019623
5.000824
4.985404
4.961535
4.949902
4.950697
4.959045
4.975495
5.000614
5.031065
5.053836
5.059410
5.065528
5.065994
5.066566
5.070753
5.077464
5.092568
5.114810
5.140232
5.167366
5.186949
5.184568
5.180772
5.186493
5.200871
5.223549
5.248248
5.262959
5.268220
5.257272
5.239571
5.234699
5.246267
5.275051
5.313031
5.345618
5.387870
5.436160
5.493231
5.561925
5.631711
5.683950
5.713502
5.696115
5.650709
5.601635
5.551101
5.485243
5.412969
5.347672
5.296775
5.276246
5.269142
5.301816
5.393622
5.552487
5.777306
5.973886
6.021748
6.020195
5.985376
5.976440
5.994659
6.048476
6.098675
6.105424
6.054461
5.991747
5.968213
5.960157
5.993297
6.060997
6.152482
6.191758
6.247756
6.352118
6.417871
6.440108
6.449553
6.304806
6.149960
5.993064
5.816562
5.655162
5.532381
5.438171
5.364083
5.323361
5.297893
5.293641
5.286603
5.285669
5.260474
5.223773
5.206194
5.203109
5.218688
5.235012
5.257846
5.279676
5.292541
5.287759
5.282623
5.271955
5.257113
5.245129
5.220329
5.192591
5.167604
5.136569
5.111418
5.090931
5.071066
5.033527
5.007316
4.992829
4.990221
4.996112
4.995504
