7.304057
7.338952
7.364840
7.418986
7.471937
7.472552
7.424975
7.339150
7.215950
7.029913
6.834617
6.652153
6.487512
6.356802
6.251960
6.176627
6.159867
6.175653
6.207591
6.244959
6.271956
6.303236
6.346379
6.375764
6.396760
6.423616
6.432751
6.425622
6.419984
6.416004
6.417093
6.407379
6.374642
6.341915
6.317972
6.294412
6.284372
6.293669
6.323317
6.378572
6.440619
6.474195
6.497328
6.543558
6.608717
6.672948
6.689630
6.546193
6.391250
6.346525
6.328357
6.326559
6.342969
6.365159
6.372228
6.354528
6.322944
6.278767
6.240062
6.200668
6.167803
6.137190
6.082396
6.016647
5.944708
5.875062
5.810483
5.737180
5.679527
5.642977
5.602823
5.578764
5.553949
5.535824
5.530145
5.531919
5.534510
5.544571
5.574902
5.596625
5.617883
5.648362
5.703931
5.781953
5.890534
6.012824
6.062203
6.081429
6.126622
6.185408
6.230664
6.254944
6.283237
6.310084
6.339840
6.348019
6.334937
6.303549
6.264134
6.237854
6.237959
6.248586
6.239074
6.209910
6.204650
6.221078
6.271536
6.336175
6.396798
6.449482
6.503892
6.545663
6.574636
6.575469
6.538776
6.492283
6.458332
6.441835
6.457736
6.514954
6.595623
6.705505
6.779437
6.813716
6.799541
6.781274
6.765590
6.745551
6.709320
6.655418
6.590695
6.499504
6.454465
6.418965
6.404324
6.399470
6.397580
6.405501
6.413256
6.393043
6.357216
6.331738
6.309147
6.273142
6.232847
6.200896
6.179478
6.173065
6.173371
6.175253
6.182043
6.182723
6.185588
6.196013
6.212324
6.245062
6.286257
6.327557
6.363419
6.391644
6.408320
6.425116
6.455385
6.501066
6.566298
6.640388
6.698644
6.751145
6.801719
6.830284
6.854497
6.876553
6.901934
6.952387
7.010519
7.070807
7.082316
7.080487
7.035275
6.960930
6.862115
6.749554
6.621104
6.482033
6.375013
6.328547
6.352252
6.482002
6.574587
6.605768
6.578187
6.490410
6.433504
6.421361
6.443926
6.498211
6.600191
6.741308
6.959880
7.281800
7.673320
8.100159
8.419917
8.527076
8.388726
8.264503
8.428149
8.480573
8.332002
8.198485
7.995028
7.934848
7.997750
8.043285
8.095321
8.222370
8.250683
8.143623
8.108530
8.048605
8.028953
7.969331
8.015573
7.969008
7.803457
7.725907
7.709844
7.786303
7.878555
8.005362
8.118769
8.223763
8.239900
8.175419
8.099019
8.024346
8.003607
8.046900
8.136320
8.227611
8.272218
8.279607
8.278172
8.374703
8.570620
8.809333
9.019400
9.260929
9.379525
9.295418
