5.080464
4.826961
4.645207
4.548229
4.500720
4.498752
4.550076
4.638566
4.747373
4.872560
4.997729
5.104119
5.184983
5.165351
5.022624
4.920131
4.856730
4.800031
4.752828
4.735750
4.738450
4.717246
4.676759
4.639281
4.601290
4.565838
4.568758
4.609479
4.669433
4.749717
4.848521
4.940769
5.031800
5.157582
5.327342
5.517183
5.635849
5.605474
5.559789
5.488233
5.357718
5.292773
5.260646
5.204332
5.157233
5.094130
5.025156
4.973588
4.936166
4.909361
4.905185
4.928094
4.953050
4.977801
4.996374
5.003006
4.994348
4.974043
4.958823
4.954555
4.961316
4.961569
4.931728
4.883780
4.826666
4.760335
4.690597
4.624949
4.567965
4.524504
4.495120
4.499402
4.509791
4.515191
4.528884
4.549376
4.574255
4.592050
4.604553
4.590816
4.556473
4.511309
4.462445
4.400533
4.331112
4.291238
4.248094
4.219433
4.214113
4.237154
4.279659
4.324391
4.367340
4.395106
4.414045
4.413343
4.385402
4.345145
4.294451
4.235049
4.188975
4.148424
4.108769
4.069142
4.036624
4.012470
3.999636
3.999536
4.007032
4.019164
4.030424
4.038808
4.036347
4.024035
4.003438
3.983315
3.965098
3.945067
3.929044
3.913281
3.892282
3.866949
3.839466
3.810267
3.777621
3.745942
3.725100
3.711860
3.696257
3.673186
3.647682
3.618330
3.592538
3.572054
3.563591
3.568840
3.581326
3.599472
3.624083
3.652846
3.676713
3.697275
3.719244
3.736099
3.746266
3.750400
3.752759
3.752630
3.745208
3.729413
3.725125
3.728513
3.733539
3.739726
3.742720
3.743724
3.747590
3.754735
3.758818
3.755860
3.744579
3.732463
3.720712
3.714367
3.718207
3.730690
3.747403
3.770626
3.799401
3.836455
3.872395
3.893862
3.900731
3.893975
3.871457
3.837949
3.797359
3.741830
3.670645
3.583764
3.488698
3.394080
3.303895
3.223986
3.148311
3.090455
3.062701
3.079783
3.114713
3.144876
3.177341
3.213625
3.253129
3.294624
3.338475
3.388917
3.448158
3.501461
3.547972
3.581161
3.589542
3.576521
3.565079
3.549719
3.531113
3.519218
3.529572
3.535795
3.530186
3.515274
3.485138
3.448311
3.410290
3.356592
3.299184
3.257068
3.230223
3.204944
3.190897
3.180954
3.180939
3.180101
3.182463
3.179343
3.168633
3.158000
3.151908
3.154379
3.160068
3.169339
3.177279
3.180951
3.179187
3.173031
3.165313
3.162262
3.164064
3.162263
3.156765
3.149541
3.141497
3.134940
3.128991
3.122448
3.113711
3.108665
3.112107
3.126428
3.146021
3.163999
