10.354261
10.250487
10.154081
10.077570
10.014666
9.970675
9.955700
9.966585
9.981233
9.991041
9.984412
9.978123
9.972666
9.952893
9.930075
9.917994
9.918113
9.909987
9.901059
9.893970
9.890038
9.872377
9.846508
9.829630
9.807675
9.787196
9.778035
9.779409
9.785889
9.803460
9.825979
9.831114
9.830118
9.830934
9.830084
9.826427
9.812571
9.784827
9.753724
9.736977
9.723494
9.711855
9.708461
9.696524
9.673330
9.634740
9.593439
9.555511
9.520384
9.489603
9.471083
9.471636
9.476103
9.478765
9.476409
9.466388
9.454825
9.446484
9.444128
9.438210
9.431382
9.421213
9.392968
9.350786
9.295184
9.226909
9.150148
9.071985
9.004107
8.953785
8.924628
8.920202
8.925387
8.930685
8.938078
8.946218
8.957941
8.968029
8.985216
8.991088
8.985250
8.976393
8.976586
8.988595
9.016108
9.058487
9.097263
9.136214
9.180910
9.228624
9.265950
9.290457
9.311369
9.321779
9.332530
9.328327
9.315678
9.290913
9.258768
9.216486
9.181384
9.154244
9.125420
9.098371
9.079874
9.072439
9.077401
9.092942
9.111581
9.130730
9.148223
9.158690
9.155997
9.141410
9.114682
9.088093
9.064000
9.047835
9.050592
9.063105
9.079754
9.098627
9.116095
9.124489
9.125620
9.122738
9.122135
9.122726
9.117060
9.100443
9.074590
9.034972
8.993479
8.958062
8.941170
8.940271
8.948032
8.966743
8.994015
9.028158
9.057033
9.078966
9.096815
9.102240
9.086042
9.073056
9.070536
9.069430
9.073940
9.089323
9.110838
9.128761
9.136125
9.140085
9.147617
9.161013
9.180307
9.200493
9.212831
9.212236
9.202821
9.195283
9.197488
9.213264
9.248805
9.295518
9.345631
9.395387
9.433013
9.459238
9.473914
9.480277
9.485739
9.481274
9.452866
9.418387
9.371894
9.307443
9.224798
9.120491
9.001418
8.871158
8.729357
8.582950
8.448374
8.347933
8.304557
8.353219
8.403272
8.442560
8.479130
8.515540
8.541364
8.556300
8.573890
8.587618
8.596890
8.590780
8.574507
8.556813
8.539033
8.523474
8.524040
8.544909
8.569082
8.594103
8.626253
8.638680
8.619090
8.579080
8.517649
8.465295
8.423923
8.387831
8.351004
8.328510
8.312367
8.280015
8.250776
8.219969
8.194862
8.164197
8.144264
8.119281
8.091894
8.074528
8.061676
8.058084
8.059225
8.064005
8.069353
8.067192
8.055002
8.038235
8.018702
8.004210
7.995517
7.984493
7.973062
7.965823
7.955723
7.941131
7.931297
7.925702
7.921752
7.927133
7.945951
7.970335
7.987857
7.989240
