5.707335
5.579885
5.461367
5.365073
5.292241
5.246183
5.238727
5.247970
5.256837
5.256048
5.239170
5.208442
5.173869
5.120976
5.065657
5.004492
4.964484
4.903892
4.825365
4.754571
4.691889
4.637531
4.614938
4.617372
4.642387
4.679751
4.724774
4.776704
4.827949
4.880991
4.927517
4.962396
4.989738
5.009867
5.021957
5.026791
5.019635
5.008425
4.995065
4.979560
4.972592
4.980952
4.976689
4.966410
4.950140
4.922853
4.891540
4.860613
4.830154
4.805679
4.795305
4.798748
4.809542
4.822791
4.835333
4.843056
4.840694
4.827718
4.807722
4.781558
4.752715
4.713744
4.662578
4.612940
4.549792
4.491055
4.437437
4.383263
4.334036
4.309734
4.285391
4.275861
4.276808
4.282760
4.293397
4.305892
4.316659
4.329157
4.343076
4.347909
4.342784
4.335273
4.332791
4.335521
4.345107
4.360563
4.373019
4.388767
4.409740
4.432351
4.451219
4.464276
4.469063
4.463103
4.451291
4.430274
4.403502
4.371718
4.336190
4.300172
4.269504
4.241258
4.214036
4.189400
4.170915
4.158738
4.152781
4.151492
4.151739
4.151534
4.150132
4.144588
4.133000
4.117936
4.100085
4.085441
4.076217
4.074649
4.078583
4.084817
4.088214
4.090605
4.090068
4.082385
4.066687
4.043821
4.014430
3.985708
3.962125
3.945023
3.919260
3.897575
3.884792
3.866110
3.857313
3.858832
3.853213
3.850301
3.851441
3.855280
3.857419
3.859256
3.861123
3.861088
3.851972
3.842632
3.836604
3.833891
3.833723
3.834971
3.837725
3.842826
3.852331
3.869754
3.898242
3.940263
3.996757
4.066207
4.142712
4.218585
4.293413
4.363870
4.419484
4.445179
4.459470
4.457537
4.456027
4.460105
4.478212
4.467023
4.474249
4.484296
4.495686
4.506488
4.524275
4.558163
4.602889
4.651968
4.701758
4.743875
4.764269
4.753500
4.699435
4.596900
4.477345
4.393890
4.354838
4.378012
4.417896
4.452215
4.490966
4.544031
4.605681
4.678805
4.763670
4.853675
4.934368
4.986800
5.023846
5.039529
5.025827
5.028888
5.046028
5.060409
5.069134
5.096035
5.156869
5.233146
5.314151
5.412088
5.507482
5.600427
5.632047
5.618319
5.564291
5.494892
5.424631
5.369943
5.349871
5.354970
5.376958
5.391578
5.389939
5.377112
5.339364
5.278561
5.224279
5.191665
5.154253
5.118442
5.073119
5.011326
4.942476
4.877246
4.815002
4.760832
4.727585
4.707654
4.689678
4.668275
4.629582
4.580868
4.539211
4.514886
4.490326
4.482156
4.491339
4.522546
4.561526
4.605187
