25.093887
24.595461
24.159357
23.791849
23.472254
23.211252
23.066816
22.982504
22.954540
22.948446
22.918749
22.883204
22.844757
22.768867
22.679199
22.624657
22.614351
22.583712
22.545773
22.503174
22.448450
22.347294
22.212221
22.071024
21.947639
21.857466
21.805010
21.820608
21.906586
22.050102
22.179077
22.253241
22.323235
22.427628
22.553984
22.702524
22.862097
23.007992
23.135485
23.231852
23.303461
23.311853
23.297590
23.275501
23.264349
23.217470
23.164408
23.148907
23.149347
23.158504
23.210627
23.276100
23.309578
23.277769
23.177078
23.034935
22.898975
22.792866
22.749710
22.758047
22.822779
22.928364
23.065369
23.234097
23.431801
23.661501
23.910992
24.154509
24.418039
24.701296
24.965134
25.261393
25.501860
25.655766
25.767626
25.974854
26.311907
26.777466
27.385740
28.035391
28.769651
29.569633
30.268221
30.538996
30.474991
30.320911
30.128208
30.013523
29.895079
29.813564
29.755335
29.743328
29.767763
29.712309
29.610794
29.428366
29.220516
29.071877
28.975447
28.853666
28.710285
28.546898
28.329939
28.161411
28.061539
27.994877
28.030157
28.149553
28.331446
28.511343
28.678808
28.827028
28.834352
28.748682
28.583920
28.293034
27.938297
27.455101
27.021187
26.601833
26.195133
25.907059
25.877218
25.879349
25.833969
25.801771
25.823317
25.861511
25.872215
25.798773
25.720268
25.665236
25.586323
25.559965
25.571899
25.589157
25.584053
25.554531
25.508841
25.442379
25.325729
25.172392
25.021605
24.879932
24.761362
24.669771
24.613319
24.586292
24.595018
24.632875
24.670454
24.730448
24.832050
25.023611
25.319672
25.694122
26.112600
26.542587
26.881413
26.957331
26.906597
26.913704
27.006283
27.160984
27.404270
27.731104
28.108959
28.560793
29.091410
29.615713
30.037239
30.263897
30.314453
30.324726
30.343367
30.418924
30.341759
30.268763
30.247656
30.239138
30.290382
30.415062
30.634146
30.745577
30.770996
30.836660
30.976118
31.261444
31.484388
31.424858
31.021654
30.334631
29.803276
29.624731
29.447235
29.296612
29.073099
28.870445
28.650122
28.484640
28.340620
28.164980
27.983656
27.797667
27.701517
27.657038
27.676271
27.660151
27.495663
27.279821
26.932463
26.566826
26.271797
26.023668
25.796305
25.727367
25.819250
25.955336
26.197578
26.516533
26.908529
27.298906
27.705933
28.062313
28.391918
28.818756
29.357250
29.756523
30.324556
31.153425
32.148552
33.242611
34.365551
35.594955
36.767124
38.072662
38.934669
38.890102
38.027145
36.543118
35.625698
35.027618
34.339066
33.745350
33.166641
32.904640
32.749054
32.736469
32.842781
32.879654
