945.929321
939.498596
933.604309
927.547607
919.511414
912.823303
908.749695
908.326721
909.270142
910.250610
910.057251
909.966736
908.326416
904.911194
902.747192
901.158203
900.950256
900.870300
901.049072
901.749023
902.911499
903.377930
902.556396
901.609375
902.449951
905.073547
909.919739
915.815918
923.405945
932.466919
940.074707
946.737854
955.363037
964.123962
972.780823
982.399231
990.488586
995.147400
998.398438
1000.552124
1001.176147
1002.007812
1002.515320
1001.346252
999.123962
993.665344
988.824707
984.681152
981.990051
978.736938
975.978455
973.528076
970.923584
967.954712
965.377014
963.064575
962.394348
962.944397
963.593933
963.962463
964.030090
965.103821
966.269714
967.483704
968.908081
970.920166
974.684631
980.449646
988.053894
998.458069
1010.718262
1024.015015
1037.021240
1049.437988
1060.256958
1067.430786
1076.191406
1084.261963
1093.580444
1102.060303
1110.506714
1117.995728
1123.471313
1126.945068
1128.674072
1131.379272
1133.617920
1135.414795
1137.005493
1136.098511
1135.921631
1134.375610
1132.658936
1131.163330
1131.013184
1131.618408
1134.932861
1140.245239
1149.292236
1159.213867
1166.736206
1169.684204
1173.965820
1176.921265
1179.331299
1179.667847
1181.237305
1183.203857
1184.908081
1185.487793
1185.153564
1184.884888
1184.979370
1182.889771
1181.136353
1178.163330
1175.830322
1174.774048
1174.914795
1177.398560
1180.521973
1185.194702
1191.075684
1195.688110
1198.474854
1200.768555
1203.467896
1205.525146
1207.539062
1209.741699
1212.774902
1215.175293
1216.921631
1217.938110
1218.617310
1217.928345
1215.004028
1211.118042
1206.637695
1200.266357
1191.507935
1183.283081
1175.425293
1168.410522
1163.281250
1157.159668
1152.675781
1149.422607
1147.889160
1151.076904
1154.215698
1156.164307
1158.087769
1157.150146
1157.314575
1157.045532
1156.091675
1156.199707
1155.426147
1154.454346
1151.941895
1150.660522
1150.532471
1149.893066
1148.662720
1147.597290
1146.267944
1141.940796
1133.476562
1124.489624
1117.111450
1109.261963
1106.413940
1107.558960
1107.496216
1107.265747
1105.049438
1100.959717
1095.616089
1090.551636
1084.079590
1077.949951
1074.258423
1072.207275
1073.684326
1076.206299
1079.640259
1083.479004
1085.912964
1086.682251
1086.938843
1088.930298
1091.587036
1093.205444
1095.042236
1097.212524
1099.723022
1101.854736
1103.431885
1103.673828
1102.749756
1104.069946
1108.592896
1114.669067
1122.188477
1130.198364
1136.218506
1138.509033
1135.221313
1128.696655
1119.771484
1110.971558
1101.147095
1089.088989
1078.734253
1070.786255
1066.593872
1066.712646
1070.108032
1078.011475
1088.078003
1097.707031
1109.070312
1118.302002
1128.153564
1139.756592
1150.008789
1160.954834
1168.655640
1175.805908
1182.202148
1189.240112
1194.974854
1202.924316
1212.430298
1222.167969
1231.922241
1237.564087
1244.822266
1253.775269
1260.950806
1269.788818
1280.100830
1287.747925
1295.872681
1304.799927
1311.875488
1317.843140
1325.558105
1331.482056
