12.023126
11.683980
11.417079
11.249228
11.176051
11.169518
11.230406
11.300018
11.364574
11.424038
11.469965
11.573209
11.674722
11.685499
11.585205
11.473462
11.462051
11.548437
11.626254
11.731971
11.852025
11.969769
12.064644
12.153648
12.179122
12.215571
12.256411
12.365310
12.494668
12.652048
12.857893
13.005684
13.068695
13.166446
13.314372
13.467412
13.522293
13.497183
13.406586
13.248409
13.079972
12.922736
12.788360
12.638579
12.488028
12.323033
12.153542
11.993519
11.883100
11.827250
11.811090
11.815740
11.804688
11.783110
11.769429
11.751752
11.709236
11.629135
11.553609
11.530704
11.571435
11.612374
11.563630
11.456878
11.345651
11.233268
11.078030
10.918990
10.786696
10.684828
10.575830
10.534765
10.539052
10.582785
10.679626
10.807854
10.926954
11.069222
11.238830
11.353394
11.434207
11.471221
11.491204
11.499627
11.499180
11.511264
11.507756
11.506843
11.531533
11.605669
11.686882
11.719637
11.746968
11.752925
11.758393
11.728353
11.631820
11.520150
11.417597
11.321320
11.254893
11.187795
11.104014
10.999175
10.928732
10.886990
10.881169
10.926868
11.007639
11.097013
11.191975
11.250257
11.272149
11.283151
11.302979
11.326820
11.333643
11.329558
11.324027
11.298240
11.235400
11.144784
11.049583
10.920340
10.747840
10.571006
10.430179
10.328868
10.247290
10.173287
10.130290
10.099436
10.065591
10.036708
10.035084
10.046355
10.039993
10.020257
10.011425
9.991291
9.960045
9.929218
9.897013
9.844739
9.816869
9.803774
9.799693
9.811205
9.843183
9.896064
9.952986
10.000678
10.067234
10.148722
10.247290
10.353645
10.453090
10.512947
10.566740
10.547022
10.551291
10.507775
10.393902
10.297318
10.286674
10.275039
10.283788
10.318328
10.372231
10.461987
10.532889
10.579769
10.580063
10.562840
10.549156
10.547166
10.532024
10.491866
10.415113
10.268916
10.040586
9.757449
9.449454
9.123814
8.812082
8.576632
8.488385
8.562905
8.706131
8.827312
8.920708
8.992867
9.022527
9.052028
9.108801
9.155210
9.189793
9.179460
9.162646
9.141524
9.111587
9.061342
9.006181
8.959528
8.944295
8.958602
9.023159
9.070309
9.075818
9.066463
9.024376
8.972056
8.925775
8.885028
8.791921
8.705079
8.577388
8.430449
8.392038
8.416509
8.497406
8.606882
8.739302
8.863917
8.979469
9.093156
9.208989
9.328047
9.453899
9.586321
9.702641
9.665791
9.488461
9.310541
9.153531
9.047375
8.995757
8.950840
8.893369
8.839056
8.802785
8.768682
8.716317
8.616482
8.503448
8.447787
8.446745
8.507863
8.609589
8.738472
