9.353594
8.958293
8.692146
8.476742
8.304010
8.205954
8.164213
8.206170
8.239887
8.249511
8.255118
8.207198
8.154345
8.080571
7.946021
7.851539
7.828747
7.836694
7.816467
7.803445
7.803826
7.791043
7.725824
7.624464
7.517725
7.412829
7.307224
7.239048
7.216191
7.219503
7.260398
7.315432
7.341346
7.435879
7.483756
7.566306
7.665118
7.740112
7.737384
7.710420
7.666662
7.634116
7.584824
7.554511
7.523263
7.510126
7.488634
7.407747
7.335225
7.268964
7.206489
7.173255
7.163040
7.161228
7.156214
7.141384
7.099980
7.048242
7.003969
6.975333
6.951567
6.945680
6.936647
6.902551
6.853135
6.791294
6.714647
6.609988
6.501670
6.403610
6.342641
6.317336
6.337044
6.364586
6.390291
6.422758
6.447460
6.496226
6.561378
6.643928
6.700687
6.722677
6.745518
6.782221
6.807641
6.841540
6.891000
6.925118
6.965641
7.029443
7.121492
7.225372
7.327435
7.409431
7.467330
7.536962
7.587368
7.589902
7.556156
7.529737
7.538305
7.606988
7.717342
7.841989
7.944933
8.016152
7.937692
7.715003
7.539084
7.455549
7.480916
7.584913
7.702550
7.809126
7.871775
7.830821
7.724993
7.581542
7.395457
7.278857
7.243854
7.256984
7.325716
7.306355
7.259917
7.195640
7.149651
7.127276
7.103900
7.068269
7.017810
6.955832
6.888453
6.824109
6.770152
6.751613
6.762084
6.785392
6.824096
6.877465
6.927793
6.952952
6.960338
6.984035
7.025612
7.089240
7.088125
7.083672
7.087403
7.089553
7.098573
7.123174
7.152205
7.183945
7.231450
7.295420
7.395537
7.531070
7.683310
7.877021
8.003367
8.076372
8.099770
8.068741
8.049168
8.056441
8.068880
8.085709
8.063130
8.036511
8.053339
7.972263
7.914564
7.877908
7.839974
7.816666
7.787970
7.738817
7.675845
7.597873
7.513381
7.403390
7.249042
7.048904
6.831915
6.639054
6.518295
6.526169
6.583813
6.634101
6.687130
6.739453
6.878901
6.975446
7.093837
7.224312
7.320239
7.372509
7.399470
7.393045
7.345651
7.282538
7.262147
7.301916
7.388379
7.507396
7.696087
7.880216
8.046975
8.188857
8.180593
8.044663
7.956469
7.858875
7.748001
7.617541
7.424523
7.213517
7.016910
6.877564
6.807899
6.774150
6.785878
6.781565
6.749079
6.719072
6.700110
6.708638
6.710149
6.731731
6.765677
6.808302
6.859877
6.974347
7.022719
7.099730
7.189131
7.266206
7.327299
7.359767
7.357064
7.346538
7.329082
7.294569
7.278979
7.303503
7.350745
7.409484
7.486866
7.528695
