8.076100
7.831035
7.607152
7.418500
7.250793
7.111745
7.046344
7.038554
7.056629
7.074412
7.085619
7.078286
7.054857
7.002187
6.946578
6.915949
6.915956
6.916839
6.922322
6.938077
6.950834
6.942590
6.907310
6.857570
6.817354
6.791859
6.786751
6.805599
6.846660
6.911676
6.979770
7.014918
7.012943
7.025002
7.060798
7.114158
7.173221
7.218330
7.258619
7.277761
7.299649
7.320827
7.327643
7.312666
7.264725
7.205388
7.147644
7.101030
7.058411
7.028174
7.019187
7.024077
7.024032
7.016556
6.994664
6.958385
6.916209
6.879665
6.856561
6.840030
6.837873
6.845270
6.852767
6.869045
6.897182
6.933127
6.974427
7.015676
7.053759
7.086816
7.115751
7.151290
7.166659
7.190111
7.230029
7.279377
7.327391
7.370549
7.413024
7.428624
7.412730
7.370481
7.315958
7.248911
7.184104
7.133520
7.083217
7.056763
7.058458
7.081659
7.122006
7.178527
7.258687
7.357567
7.482613
7.622751
7.767133
7.885542
7.898703
7.760279
7.647335
7.600897
7.582665
7.572440
7.564020
7.545257
7.499741
7.419524
7.395403
7.412704
7.440441
7.466245
7.469218
7.442152
7.408449
7.379186
7.342891
7.289336
7.246578
7.226797
7.222063
7.229386
7.245947
7.272978
7.321384
7.397014
7.501125
7.623552
7.752382
7.894356
8.013963
8.080009
8.121244
8.125260
8.127621
8.143348
8.160875
8.230870
8.345293
8.484550
8.586335
8.681063
8.758347
8.739290
8.716172
8.712235
8.722436
8.752216
8.815582
8.906583
9.021166
9.132994
9.215508
9.304429
9.391881
9.476925
9.525782
9.590549
9.692159
9.782724
9.831720
9.847947
9.824418
9.792484
9.774121
9.737590
9.661053
9.584266
9.555354
9.607877
9.678791
9.753501
9.798846
9.848238
9.913831
9.978413
9.997586
9.954857
9.815237
9.600134
9.327263
9.010565
8.686567
8.378667
8.080060
7.817577
7.655155
7.656312
7.715672
7.769335
7.833971
7.924595
8.044909
8.180489
8.353119
8.550757
8.755821
8.873685
8.944192
8.978209
8.917114
8.863249
8.852433
8.885082
8.900826
8.935839
9.044317
9.164176
9.290388
9.430278
9.525842
9.580327
9.593068
9.628055
9.576217
9.486776
9.387492
9.303370
9.287228
9.269008
9.230379
9.154396
9.076230
8.974828
8.840937
8.727988
8.648006
8.651125
8.729366
8.872190
9.065861
9.217899
9.313326
9.377376
9.425158
9.489530
9.624352
9.824197
10.081954
10.362113
10.604631
10.688080
10.560122
10.435370
10.265067
10.069842
9.929690
9.855645
9.875167
9.841508
