4.786090
4.660653
4.535669
4.427268
4.344275
4.294694
4.285605
4.303557
4.334424
4.370549
4.398214
4.428435
4.466588
4.505919
4.546810
4.607274
4.682250
4.726418
4.765768
4.811457
4.841918
4.839441
4.814178
4.798423
4.787150
4.735517
4.702850
4.678115
4.660098
4.672171
4.693856
4.708947
4.703471
4.715056
4.736554
4.756171
4.784416
4.800304
4.817501
4.808943
4.794391
4.776370
4.759427
4.736711
4.713607
4.676250
4.630310
4.590810
4.556300
4.527268
4.512687
4.515197
4.514481
4.511285
4.496312
4.468652
4.434927
4.400691
4.372695
4.356658
4.358983
4.378024
4.398375
4.419481
4.432357
4.412086
4.384609
4.344878
4.308179
4.277651
4.250056
4.240186
4.232753
4.228434
4.230282
4.235253
4.244479
4.256436
4.278937
4.295958
4.313339
4.336582
4.337975
4.344177
4.351300
4.369792
4.384041
4.396393
4.413630
4.438284
4.468345
4.491101
4.502459
4.500199
4.501572
4.499606
4.505735
4.488469
4.470206
4.446916
4.416571
4.389722
4.361384
4.333944
4.303458
4.284416
4.271138
4.274049
4.282293
4.289528
4.296950
4.304732
4.305601
4.299841
4.285314
4.272605
4.262607
4.252689
4.247903
4.246302
4.235906
4.221056
4.196317
4.162193
4.113486
4.064079
4.025582
3.997941
3.976352
3.949294
3.926357
3.909732
3.908910
3.892234
3.892207
3.903383
3.915131
3.926522
3.943331
3.960165
3.964445
3.967940
3.969871
3.965522
3.951844
3.930855
3.912463
3.897793
3.885206
3.874181
3.871922
3.877341
3.889369
3.916851
3.924757
3.936311
3.952392
3.973021
3.988745
3.996028
3.996277
3.994704
3.994822
4.008311
4.049211
4.073657
4.098657
4.124534
4.143495
4.155954
4.157963
4.151604
4.144529
4.139869
4.134196
4.128359
4.117498
4.096347
4.059843
4.004115
3.937819
3.862719
3.777586
3.686893
3.600935
3.538356
3.514635
3.551543
3.603075
3.642186
3.668486
3.682393
3.680167
3.670589
3.668259
3.672482
3.682680
3.695561
3.714420
3.749322
3.801917
3.876749
3.984908
4.120246
4.233264
4.291075
4.371802
4.399625
4.345987
4.298849
4.203394
4.135291
4.095864
4.060960
4.024274
4.007978
4.010462
4.009238
4.017236
4.020844
4.032005
4.042168
4.073516
4.104856
4.129798
4.164601
4.167402
4.131175
4.085744
4.056201
4.041399
4.028209
4.015937
4.013875
4.016935
4.031829
4.053577
4.073298
4.097406
4.121492
4.122006
4.107944
4.079747
4.037823
3.991696
3.972325
3.970198
3.985512
4.011996
4.029701
