7.786358
7.663770
7.557296
7.487576
7.456726
7.451868
7.474236
7.497232
7.514970
7.531885
7.531779
7.515882
7.494749
7.462368
7.427243
7.406483
7.397161
7.376482
7.352355
7.339491
7.330174
7.312590
7.284509
7.261265
7.243953
7.233977
7.237037
7.256783
7.284686
7.316324
7.340820
7.355325
7.369841
7.396740
7.427598
7.452849
7.484206
7.500785
7.513965
7.516861
7.522565
7.530715
7.531971
7.516524
7.499963
7.470574
7.436862
7.408391
7.386954
7.376359
7.385202
7.404448
7.421261
7.428233
7.422348
7.401172
7.365746
7.331985
7.302933
7.282659
7.285011
7.286624
7.267416
7.230817
7.175976
7.105689
7.023287
6.936376
6.856648
6.791815
6.752042
6.754065
6.774099
6.807290
6.858980
6.925725
7.004288
7.088280
7.175811
7.242135
7.292748
7.333918
7.364196
7.384665
7.394369
7.388941
7.364548
7.333485
7.308723
7.293819
7.282694
7.281543
7.309639
7.376891
7.506009
7.495056
7.467836
7.427670
7.400914
7.367657
7.339987
7.306686
7.260990
7.207587
7.158877
7.119321
7.098983
7.101661
7.118699
7.142066
7.170231
7.189031
7.190721
7.180905
7.166490
7.161438
7.166004
7.184129
7.216211
7.257544
7.288527
7.308881
7.328907
7.337613
7.343119
7.348242
7.356541
7.356184
7.341443
7.312088
7.277565
7.238618
7.205829
7.186318
7.195963
7.214207
7.218957
7.216940
7.202699
7.180376
7.147480
7.107597
7.070503
7.044130
7.029304
7.019172
7.012557
7.010881
7.015354
7.021435
7.027879
7.031249
7.032335
7.036907
7.047617
7.070298
7.099874
7.133872
7.162517
7.184312
7.203675
7.229406
7.271678
7.337437
7.437521
7.566267
7.715137
7.875324
8.026904
8.146187
8.177875
8.110030
8.002918
7.900636
7.830766
7.850198
7.965387
8.210109
8.611865
9.208058
10.031672
11.111444
12.378632
13.704710
15.028717
16.391861
17.732224
18.782162
19.594131
19.839952
19.471806
18.694504
17.840950
17.119087
16.503933
16.157768
16.004591
15.952349
15.827020
15.709176
15.659078
15.520832
15.208576
14.841893
14.485874
14.530766
14.646727
14.726871
14.656388
14.481390
14.171933
13.671191
13.058849
12.528435
12.134637
11.868858
11.754147
11.612568
11.553242
11.479884
11.431124
11.367676
11.348706
11.359827
11.325665
11.296506
11.342591
11.514773
11.774825
12.096720
12.407998
12.637362
12.743153
12.729671
12.714622
12.714990
12.681153
12.566442
12.343037
12.071372
11.804452
11.522119
11.213964
10.939450
10.708374
10.610879
10.615410
10.697621
10.813047
10.912261
