11.208922
10.754479
10.112186
9.344713
8.523100
7.640849
6.903648
6.335451
5.944783
5.729537
5.672618
5.695405
5.740884
5.773624
5.721742
5.548276
5.264878
5.033313
4.884663
4.651762
4.423828
4.177204
3.872333
3.605768
3.424194
3.252673
3.098338
2.938161
2.744986
2.665354
2.615327
2.589361
2.574151
2.525501
2.426949
2.413104
2.437717
2.500874
2.588310
2.674868
2.748070
2.954512
3.132821
3.277715
3.329976
3.300774
3.205493
3.077647
3.087052
3.114507
3.137068
3.161124
3.167725
3.179159
3.158080
3.120940
3.080865
3.055239
3.053180
3.054559
3.065093
3.068068
3.042226
2.972935
2.841741
2.787623
2.741106
2.712801
2.699944
2.709330
2.740191
2.785302
2.807353
2.786092
2.815453
2.866664
2.918622
2.971163
3.013811
3.010985
3.094203
3.116350
3.171896
3.131443
3.101880
3.066111
3.047346
3.101094
3.074816
3.076090
3.112432
3.192179
3.197911
3.206120
3.215801
3.226003
3.237331
3.266849
3.342403
3.506797
3.602734
3.600365
3.593650
3.585928
3.560500
3.541340
3.547926
3.579150
3.616203
3.643228
3.668674
3.697577
3.720286
3.718653
3.689387
3.648891
3.604553
3.563422
3.550622
3.542030
3.527904
3.495987
3.448832
3.385136
3.313027
3.263859
3.253932
3.302937
3.278735
3.218502
3.159176
3.109210
3.063266
3.017462
2.983138
2.965459
2.956198
2.961768
2.975505
3.008724
3.107992
3.105956
3.105071
3.105979
3.110596
3.128118
3.176088
3.278561
3.274835
3.264406
3.260872
3.266853
3.272709
3.270371
3.267848
3.266119
3.265541
3.261705
3.255620
3.251987
3.249830
3.256131
3.282554
3.359034
3.366471
3.373336
3.382492
3.358842
3.336438
3.327434
3.327204
3.350798
3.437458
3.425497
3.408666
3.389456
3.361467
3.325553
3.284241
3.226969
3.147867
3.061430
2.987249
2.930490
2.936110
2.887946
2.910335
3.024009
3.042106
3.032752
3.014593
3.000762
2.990293
2.981714
2.975077
2.972543
2.967192
2.948606
2.919895
2.898810
2.904260
2.958300
2.947343
2.937738
2.927045
2.917319
2.908280
2.887963
2.849418
2.811109
2.775733
2.764601
2.819946
2.785419
2.744433
2.710354
2.685383
2.659716
2.664840
2.727197
2.725764
2.724923
2.728164
2.727129
2.719950
2.711378
2.704784
2.708323
2.714777
2.725986
2.738651
2.746940
2.751521
2.749609
2.742994
2.735970
2.723934
2.704643
2.677066
2.642739
2.600208
2.553329
2.505608
2.453543
2.397454
2.350695
2.324004
2.316849
2.320795
2.337829
