13.983096
13.853719
13.513693
13.116525
12.480756
11.744608
10.944449
10.181396
9.969686
9.920207
9.905757
9.928534
9.945004
9.874290
9.755413
9.656877
9.597268
9.512822
9.416883
9.326657
9.240272
9.127204
9.004644
8.900979
8.812234
8.742956
8.701579
8.699235
8.717014
8.758775
8.800426
8.751188
8.674785
8.662617
8.716298
8.845733
9.035130
9.244243
9.493866
9.728746
9.737296
9.759765
9.801475
9.815557
9.846205
9.814984
9.742849
9.685704
9.627230
9.564143
9.493443
9.428842
9.378290
9.337095
9.299979
9.266549
9.198257
9.143444
9.114825
9.103709
9.110120
9.113752
9.073209
9.005005
8.920645
8.812787
8.676128
8.523704
8.370525
8.238641
8.148627
8.104287
8.109681
8.128710
8.161085
8.202069
8.249281
8.283784
8.310678
8.314620
8.297013
8.263623
8.230436
8.208222
8.209167
8.244239
8.280341
8.328902
8.411936
8.521926
8.639187
8.751823
8.815735
8.837015
8.878528
8.905103
8.913934
8.864589
8.767274
8.660511
8.592214
8.549156
8.497481
8.445507
8.408195
8.387608
8.384639
8.392237
8.410563
8.435956
8.460890
8.468229
8.455237
8.432018
8.393936
8.365379
8.347470
8.333170
8.323195
8.315660
8.292099
8.271123
8.251990
8.224633
8.179467
8.121713
8.106489
8.110685
8.115733
8.112193
8.096317
8.059114
8.039709
8.044128
8.103200
8.221963
8.390923
8.600341
8.825726
8.991421
9.077538
9.118612
9.170364
9.143376
9.005083
8.882474
8.806063
8.773393
8.789422
8.809720
8.885054
9.051336
9.291157
9.565200
9.702173
9.805821
9.811099
9.809128
9.796660
9.794570
9.779911
9.795173
9.833142
9.877140
9.904581
9.941851
9.976671
9.955518
9.932035
9.936479
9.962396
9.954609
9.977733
9.990974
9.959721
9.917496
9.872568
9.806007
9.715056
9.575963
9.402920
9.211368
9.009640
8.825757
8.669112
8.574270
8.571921
8.754533
8.917077
8.994493
9.052278
9.097820
9.091942
9.026387
8.998095
8.988783
8.996791
8.980937
8.962443
8.946595
8.872239
8.802265
8.785710
8.803183
8.806508
8.842093
8.919457
8.919253
8.851661
8.787737
8.671807
8.586476
8.517915
8.439477
8.320952
8.221504
8.143356
8.067406
8.027390
8.013780
8.025654
8.057566
8.105890
8.120362
8.102304
8.067258
7.970291
7.828519
7.598508
7.278865
6.869731
6.398061
5.910127
5.551778
5.516097
5.491934
5.472262
5.445080
5.414344
5.384106
5.348328
5.306863
5.267651
5.232377
5.199221
5.180528
5.180090
5.197641
5.222343
5.234075
