2.898533
2.929013
2.977492
3.032056
3.057129
3.051727
3.064320
3.075034
3.104936
3.161491
3.201331
3.216458
3.215557
3.191864
3.150400
3.107862
3.070374
3.016649
2.964621
2.922405
2.879391
2.831951
2.788519
2.762486
2.745400
2.739812
2.744847
2.759149
2.777156
2.796278
2.810234
2.811905
2.811219
2.815711
2.825866
2.843513
2.859953
2.866997
2.864756
2.859224
2.855439
2.854712
2.854264
2.853433
2.851508
2.843674
2.833263
2.818223
2.799896
2.784968
2.781819
2.790702
2.787411
2.774585
2.756118
2.732739
2.706893
2.682902
2.665847
2.653750
2.645141
2.637636
2.624231
2.606605
2.583853
2.557947
2.531209
2.506597
2.482504
2.467613
2.462257
2.471183
2.481704
2.495276
2.512622
2.532435
2.551537
2.571863
2.598483
2.622675
2.643032
2.659878
2.677640
2.695301
2.717821
2.735506
2.752858
2.769804
2.783027
2.803465
2.823399
2.824059
2.817701
2.805821
2.794006
2.777939
2.757864
2.735218
2.713138
2.693777
2.684301
2.683929
2.671571
2.657261
2.651302
2.646772
2.652193
2.669014
2.684405
2.702577
2.721049
2.736541
2.746816
2.756536
2.748767
2.738767
2.729235
2.721600
2.718777
2.720529
2.722368
2.725395
2.728452
2.728727
2.724445
2.719406
2.721834
2.732400
2.747401
2.743663
2.735522
2.724328
2.706551
2.693370
2.691806
2.699264
2.707786
2.713467
2.721145
2.731282
2.738742
2.744402
2.747513
2.740352
2.726294
2.709510
2.697144
2.688728
2.685795
2.684013
2.686237
2.687954
2.688994
2.689526
2.690530
2.694729
2.701188
2.709070
2.715211
2.717581
2.715557
2.711512
2.707852
2.708800
2.717655
2.732298
2.749885
2.768719
2.787868
2.807977
2.824136
2.836214
2.848494
2.858642
2.863290
2.868554
2.874258
2.876754
2.873992
2.862100
2.843336
2.816916
2.784565
2.742456
2.682192
2.629422
2.604490
2.628239
2.651643
2.665240
2.679367
2.694016
2.705621
2.713691
2.726053
2.742615
2.764297
2.781440
2.802166
2.838259
2.896483
2.976234
3.082958
3.211679
3.334860
3.415664
3.541930
3.645151
3.656884
3.632897
3.530946
3.456468
3.414481
3.375614
3.333560
3.322415
3.322597
3.301669
3.275410
3.228627
3.189551
3.145008
3.126479
3.118618
3.114533
3.124378
3.135027
3.155041
3.156891
3.170520
3.191240
3.208678
3.227550
3.248680
3.277217
3.327108
3.393040
3.462553
3.534163
3.593848
3.600096
3.522794
3.417025
3.303427
3.196795
3.126036
3.089888
3.090489
3.117481
3.141073
