23.355181
21.930838
20.526127
19.379345
18.810501
18.570990
18.561228
18.378487
18.374205
18.426903
18.449537
18.562962
18.636560
18.557077
18.270136
18.071819
17.948883
17.719337
17.549892
17.451277
17.400930
17.328182
17.243954
17.133945
17.010483
16.936525
16.984602
17.071394
17.244471
17.450684
17.558296
17.539227
17.446457
17.469055
17.431240
17.448856
17.379343
17.102119
16.642998
15.948035
15.011744
14.100952
13.297958
12.693757
12.657888
12.481484
12.240917
12.046003
11.870180
11.730471
11.599054
11.527620
11.468857
11.426920
11.403624
11.378000
11.354094
11.359115
11.353159
11.390431
11.451257
11.514021
11.466949
11.434702
11.419231
11.267026
11.108847
10.954225
10.763782
10.596161
10.462859
10.388489
10.363634
10.357572
10.362439
10.382419
10.407499
10.406237
10.416208
10.356689
10.229972
10.077135
9.968971
9.885567
9.866791
9.934302
10.059313
10.293855
10.635549
11.064786
11.559165
11.991614
12.116836
12.018091
12.040287
12.113322
12.259471
12.455642
12.644774
12.688472
12.755630
12.737969
12.513738
12.274355
12.075154
11.911893
11.805986
11.725214
11.700951
11.670512
11.623734
11.562159
11.463826
11.352801
11.215814
11.120336
11.048138
11.019442
11.006225
11.005061
10.966033
10.945071
10.934048
10.925779
10.916072
10.938325
10.995199
11.053329
11.082540
11.044190
10.958274
10.790110
10.652761
10.536798
10.478466
10.463654
10.477383
10.517763
10.581281
10.660133
10.737521
10.833694
10.899582
10.880203
10.774489
10.706753
10.646753
10.627957
10.646544
10.686159
10.760947
10.858628
10.940288
11.038392
11.103601
11.140610
11.253467
11.438865
11.611703
11.702087
11.587459
11.563002
11.650547
11.795134
11.964582
12.042098
12.138025
12.153039
12.129452
12.209510
12.314622
12.436552
12.568663
12.638329
12.577579
12.470439
12.378480
12.281436
12.099003
11.701063
11.365856
11.025740
10.662490
10.321839
10.008992
9.760369
9.632524
9.724959
9.790941
9.854177
9.911896
9.996540
10.056163
10.097937
10.200518
10.365634
10.577572
10.753012
10.880661
10.878823
10.931264
10.891844
10.792706
10.722843
10.644217
10.613378
10.617504
10.618703
10.525922
10.396038
10.171947
9.972032
9.774145
9.602828
9.440092
9.313536
9.223407
9.162687
9.139828
9.122889
9.118488
9.117861
9.132176
9.128362
9.110979
9.130996
9.172383
9.236346
9.294828
9.321872
9.290362
9.262403
9.207928
9.143829
9.089897
9.054029
9.032706
8.987588
8.926129
8.856380
8.755549
8.655230
8.553101
8.456404
8.365542
8.297454
8.284886
8.319217
8.382112
8.424309
