4.773107
4.527142
4.292834
4.114104
3.985678
3.926898
3.918548
3.930426
3.940419
3.942004
3.931589
3.919038
3.905618
3.871532
3.825560
3.802786
3.808718
3.805829
3.811980
3.842215
3.867576
3.872020
3.853545
3.802427
3.749855
3.715986
3.712671
3.737311
3.780118
3.836620
3.857905
3.829770
3.802143
3.785708
3.792936
3.827587
3.870176
3.898756
3.927901
3.939670
3.941426
3.931609
3.933669
3.928663
3.911415
3.870663
3.821912
3.776959
3.731394
3.693292
3.676826
3.677948
3.680055
3.683501
3.685709
3.678899
3.661328
3.643849
3.635551
3.627641
3.621318
3.609817
3.576503
3.536345
3.490230
3.432016
3.365924
3.294653
3.231542
3.192622
3.177714
3.191929
3.215308
3.253729
3.309780
3.374985
3.437088
3.470185
3.485780
3.470040
3.439543
3.406950
3.384348
3.369755
3.364339
3.371231
3.374770
3.387276
3.404560
3.440894
3.489784
3.532167
3.559238
3.578832
3.598326
3.609025
3.608482
3.596019
3.573940
3.541326
3.512626
3.482673
3.434247
3.381259
3.339020
3.309145
3.295622
3.294518
3.301646
3.308344
3.315691
3.320346
3.315544
3.302793
3.281409
3.262886
3.250707
3.246613
3.252009
3.265299
3.276245
3.283827
3.282108
3.276372
3.262813
3.247979
3.233877
3.222249
3.210151
3.193835
3.180309
3.167238
3.153118
3.139472
3.132341
3.131361
3.132984
3.133414
3.134415
3.134522
3.130322
3.124093
3.118175
3.111191
3.104801
3.098907
3.098096
3.102578
3.116687
3.135057
3.154644
3.174708
3.195981
3.215652
3.229340
3.224330
3.226293
3.239982
3.254446
3.263736
3.264690
3.265215
3.267441
3.272900
3.283615
3.280704
3.289715
3.297085
3.306323
3.325345
3.344060
3.357238
3.367493
3.371667
3.364188
3.356146
3.342173
3.330004
3.326799
3.324382
3.331673
3.343274
3.347484
3.328506
3.271376
3.206028
3.156703
3.176723
3.212936
3.233183
3.243156
3.254774
3.265589
3.282312
3.312990
3.356031
3.407672
3.449707
3.479613
3.500680
3.531658
3.554761
3.566290
3.577171
3.555106
3.550736
3.575139
3.588876
3.576070
3.541341
3.483612
3.428890
3.383044
3.341746
3.293222
3.256860
3.228540
3.196797
3.177629
3.165226
3.163172
3.160862
3.164476
3.161935
3.150878
3.148190
3.153935
3.170426
3.185800
3.198927
3.203950
3.202925
3.194561
3.185913
3.179660
3.181891
3.189816
3.195987
3.203342
3.213406
3.224568
3.237249
3.248307
3.250457
3.247184
3.252290
3.268982
3.293847
3.327648
3.354132
