8.976063
8.797903
8.663182
8.583399
8.538820
8.501035
8.489027
8.521859
8.574338
8.597519
8.580814
8.569116
8.553256
8.510566
8.456164
8.440995
8.451189
8.448077
8.453517
8.489316
8.553831
8.594952
8.580940
8.531920
8.442455
8.307167
8.170357
8.103420
8.061480
8.050860
8.062167
8.076296
8.125438
8.249468
8.463104
8.795440
9.220601
9.657729
9.939345
9.963754
9.727028
9.438854
9.409159
9.381659
9.375667
9.307380
9.217400
9.102544
8.963304
8.870071
8.852300
8.886540
8.894952
8.890769
8.879553
8.859066
8.824400
8.819088
8.861343
8.931307
9.026672
9.103476
9.117902
9.106271
9.023796
8.889896
8.736784
8.579021
8.444261
8.375760
8.308595
8.277704
8.258157
8.231054
8.213319
8.233297
8.266825
8.306573
8.379305
8.440250
8.482213
8.515396
8.568257
8.619609
8.719378
8.878085
9.040751
9.210191
9.379540
9.465182
9.490802
9.550557
9.653248
9.738594
9.819510
9.850726
9.766995
9.637498
9.528295
9.387383
9.248899
9.118988
8.959999
8.790339
8.635816
8.500176
8.411465
8.377171
8.368829
8.362793
8.365430
8.359303
8.324221
8.277848
8.225346
8.200682
8.203764
8.219416
8.219517
8.211131
8.188522
8.162938
8.144279
8.118252
8.062049
7.996161
7.933382
7.875257
7.817526
7.753118
7.683177
7.600833
7.523481
7.461684
7.439685
7.439340
7.432740
7.427129
7.427541
7.427785
7.408104
7.383219
7.355168
7.328904
7.311413
7.302071
7.301510
7.317744
7.346901
7.384147
7.422215
7.462545
7.503950
7.554040
7.614892
7.686321
7.761906
7.846641
7.922620
7.963254
7.970021
7.946210
7.905180
7.880908
7.886234
7.900999
7.914821
7.942839
7.992476
8.064097
8.131734
8.183397
8.214527
8.230061
8.243354
8.226486
8.243617
8.278294
8.311906
8.338378
8.353168
8.309921
8.231180
8.129788
8.018681
7.932335
7.866086
7.977233
8.125215
8.213598
8.268947
8.312989
8.373762
8.477326
8.600637
8.724335
8.847981
8.896035
8.898605
8.895867
8.853683
8.815043
8.804370
8.847627
8.903023
8.963451
9.090902
9.219695
9.243267
9.163987
9.018343
8.892547
8.803602
8.704151
8.522964
8.391503
8.323289
8.261484
8.236418
8.194239
8.149166
8.084101
8.036950
7.981077
7.923982
7.915790
7.976138
8.134742
8.370510
8.679985
9.040148
9.395256
9.657925
9.703572
9.489035
9.422593
9.336793
9.221542
9.131977
9.075865
9.032658
8.972525
8.853238
8.715540
8.540008
8.414474
8.390732
8.454556
8.559170
8.652417
