13.135915
12.735518
12.321248
12.019926
11.911539
12.057956
12.243135
12.507265
12.816848
13.036252
13.077181
12.917627
12.977833
13.053099
13.096332
13.058837
12.945038
12.933978
12.971966
13.062540
13.369546
13.716981
13.985648
14.045116
13.781060
13.256349
12.705149
12.559168
12.548073
12.657755
12.796572
12.847586
12.796809
12.633129
12.626091
12.722214
12.849966
12.929990
12.969666
12.843045
12.790295
12.782058
12.803329
12.803304
12.787713
12.685047
12.557885
12.456831
12.354551
12.241599
12.192290
12.202377
12.228942
12.276302
12.302094
12.265957
12.161600
11.997665
11.870110
11.799253
11.835906
11.926082
11.963399
11.938795
11.911494
11.851311
11.750201
11.590399
11.405795
11.240487
11.079212
11.024522
11.009037
11.004046
11.029711
11.045626
11.122252
11.226624
11.371512
11.456235
11.464733
11.441343
11.412881
11.387122
11.390637
11.449859
11.469937
11.493442
11.547658
11.614169
11.734694
11.813223
11.902156
12.009963
12.118197
12.170622
12.174331
12.177776
12.188778
12.152232
12.181732
12.194871
12.117573
11.951453
11.749061
11.514112
11.350237
11.299319
11.291529
11.311769
11.403260
11.493686
11.512982
11.483699
11.399780
11.312125
11.247963
11.205430
11.168951
11.061239
11.044537
11.055826
11.093573
11.126885
11.107326
11.087049
11.097425
11.113225
11.102265
11.025321
10.897864
10.740273
10.556381
10.383490
10.273909
10.219460
10.201466
10.207430
10.228267
10.248826
10.231020
10.232058
10.266661
10.294262
10.305448
10.261697
10.254376
10.291630
10.359480
10.437140
10.517815
10.571782
10.601747
10.609328
10.601329
10.612559
10.632159
10.670157
10.700681
10.716373
10.704934
10.691380
10.660823
10.599358
10.620788
10.673097
10.698348
10.691282
10.690749
10.744968
10.807440
10.854707
10.903640
10.978819
11.072598
11.170615
11.235647
11.250365
11.171656
10.933642
10.681985
10.507041
10.331312
10.102546
9.803699
9.452242
9.156308
9.106681
9.179251
9.248790
9.319267
9.390669
9.477245
9.595052
9.752144
9.947421
10.190792
10.466006
10.709662
10.890026
10.926787
10.818679
10.633689
10.453954
10.286682
10.201275
10.242043
10.261688
10.206849
10.122272
9.962070
9.816213
9.746724
9.696092
9.668804
9.766822
9.982780
10.211307
10.384709
10.233885
9.851842
9.424150
9.280842
9.176097
9.055622
8.945328
8.852516
8.819592
8.783398
8.774978
8.782973
8.773207
8.719559
8.625992
8.512902
8.429960
8.377017
8.328984
8.275941
8.159340
8.017192
7.882726
7.746041
7.611078
7.501257
7.461918
7.487031
7.542295
7.594203
7.621493
