28.197132
28.031069
27.861776
27.695007
27.549652
27.433182
27.382341
27.389505
27.385431
27.378279
27.367775
27.300507
27.224859
27.145315
27.055395
26.989235
26.942108
26.919682
26.897322
26.900080
26.932163
26.976688
27.014330
27.044456
27.124962
27.233963
27.360643
27.503304
27.647047
27.747482
27.816708
27.838524
27.841866
27.868422
27.903246
27.942791
27.999187
28.063936
28.137648
28.203659
28.286058
28.409866
28.545935
28.698252
28.845715
28.983379
29.097826
29.186449
29.248249
29.295731
29.355434
29.423553
29.480627
29.544302
29.575071
29.573076
29.509506
29.406609
29.294455
29.126961
28.915457
28.690250
28.470751
28.240362
28.002687
27.750694
27.516497
27.304846
27.164082
27.070795
27.013512
26.973839
26.926531
26.837839
26.744078
26.657150
26.579508
26.528635
26.508343
26.523987
26.504404
26.450638
26.379679
26.299601
26.243940
26.227781
26.246429
26.280651
26.341358
26.429743
26.535662
26.637331
26.711775
26.742954
26.729425
26.701546
26.642624
26.568312
26.477694
26.373211
26.291325
26.234970
26.193830
26.177896
26.197008
26.253330
26.326567
26.413641
26.501827
26.599974
26.698612
26.764704
26.807053
26.824699
26.828213
26.807524
26.776527
26.724890
26.666189
26.612556
26.554340
26.508385
26.484409
26.473854
26.455984
26.446905
26.442539
26.439060
26.442146
26.435663
26.428804
26.431761
26.455790
26.496521
26.555887
26.647945
26.765310
26.906265
27.043827
27.188425
27.336140
27.477190
27.602558
27.704065
27.762995
27.774555
27.784706
27.836653
27.911207
28.008821
28.124672
28.273642
28.453308
28.659876
28.887157
29.133343
29.408537
29.684580
29.958950
30.202488
30.371737
30.469997
30.535480
30.586100
30.612129
30.673216
30.758041
30.833920
30.862085
30.850834
30.793516
30.670919
30.514816
30.383070
30.232674
30.042439
29.818815
29.551788
29.284796
29.012432
28.746616
28.513311
28.303425
28.130598
28.021435
27.986500
28.009848
28.147165
28.399124
28.622267
28.832039
29.024284
29.202303
29.314865
29.357327
29.366405
29.332777
29.293020
29.279305
29.312796
29.368021
29.444420
29.555126
29.680128
29.752878
29.770346
29.716331
29.594700
29.367851
29.058304
28.669888
28.245258
27.819469
27.390938
26.948212
26.526516
26.174231
25.904989
25.719059
25.659044
25.723156
25.872026
26.023796
26.196199
26.329443
26.396757
26.453110
26.498344
26.562603
26.611328
26.614412
26.593222
26.545452
26.477804
26.410206
26.337090
26.250748
26.156534
26.056967
25.987844
25.927126
25.882395
25.866112
25.875916
25.888563
25.891909
25.905663
25.887531
25.840881
25.775230
