16.096588
15.989491
15.880174
15.811184
15.785861
15.756356
15.705730
15.671726
15.596758
15.452013
15.263081
14.970090
14.648683
14.338585
13.981850
13.588768
13.225284
12.940109
12.719684
12.623795
12.633284
12.733475
12.837439
12.944972
12.976274
12.946782
12.896001
12.831095
12.801965
12.771426
12.752684
12.751779
12.761309
12.769894
12.802935
12.861052
12.948942
13.070425
13.195910
13.329592
13.485443
13.625390
13.745986
13.824210
13.929985
14.044919
14.144629
14.197740
14.212303
14.165175
