934.667175
927.352417
919.963379
911.807068
900.987244
891.382324
887.647522
888.128784
890.704834
893.775085
894.775208
895.152954
894.362488
890.945435
887.390137
884.472534
883.516296
882.626343
882.284973
883.798340
885.411987
886.314880
885.870239
884.273254
883.416443
884.245972
887.126343
891.634338
898.295227
907.189575
915.883545
923.169434
931.281677
939.812744
948.674438
958.836426
968.036743
974.267395
979.083923
981.923828
983.270752
984.936462
986.159485
985.824707
984.096313
978.480408
973.084473
969.552673
967.512207
964.633179
961.864563
959.376648
956.235779
952.554016
949.429626
947.419434
945.987854
945.720093
946.106262
946.131836
946.023987
947.009033
948.421021
949.467041
949.714355
949.892822
950.939758
954.064575
959.673889
968.894592
980.506348
993.983948
1007.087524
1020.065735
1031.633057
1039.938110
1048.782349
1056.976685
1066.370239
1074.976440
1083.671509
1091.664917
1097.718994
1101.796997
1103.734131
1107.154907
1110.440674
1113.779297
1116.415039
1115.949097
1115.291748
1113.007568
1110.368530
1107.223633
1104.456909
1102.491455
1104.333984
1110.897461
1121.086792
1132.154053
1141.235474
1146.110107
1150.733276
1154.281372
1157.199829
1157.494507
1157.936035
1158.768066
1159.355469
1159.452271
1159.135742
1159.833252
1161.519531
1159.875366
1157.628174
1154.430054
1152.777954
1151.350098
1150.842407
1152.635376
1154.998535
1159.462891
1165.640747
1170.746948
1173.663330
1175.830566
1178.394043
1180.675903
1183.233154
1185.686035
1188.895752
1191.792847
1194.269043
1196.310547
1198.410156
1199.419922
1198.263794
1195.209473
1191.131592
1184.868774
1175.590576
1166.005493
1156.730347
1149.157349
1143.253174
1135.559570
1128.577026
1123.783813
1123.391968
1127.019287
1130.839233
1133.884033
1136.858398
1136.692505
1136.289062
1135.550415
1134.402100
1135.234131
1135.197876
1135.057129
1133.430908
1131.914795
1131.853638
1131.575317
1130.904907
1129.854492
1128.781250
1124.196899
1114.035889
1101.703369
1091.341431
1084.790771
1084.394287
1087.617188
1089.338379
1090.476562
1089.567993
1086.188843
1080.951660
1075.228271
1067.463257
1059.348022
1052.865112
1047.942383
1046.597534
1046.898682
1049.883057
1056.764160
1060.720337
1062.718262
1064.028320
1066.506348
1069.928589
1072.234863
1073.726318
1075.394287
1077.411255
1079.089600
1080.069946
1079.676147
1077.501099
1076.942017
1080.463501
1086.764282
1095.346924
1104.746094
1113.731201
1119.418091
1118.700317
1114.018921
1105.717285
1096.044067
1085.817505
1072.095337
1057.516357
1045.150024
1037.460938
1034.039795
1036.055664
1043.682251
1055.433838
1065.873779
1078.230103
1087.417480
1096.075439
1106.982910
1117.104004
1128.750244
1137.199219
1144.630493
1151.542114
1158.104614
1163.380981
1170.582520
1179.297363
1188.541626
1197.936279
1203.897461
1210.876709
1219.457153
1226.316772
1234.761475
1245.669922
1254.249146
1261.972412
1270.603027
1277.323242
1282.864258
1290.586670
1297.428955
