28.452021
28.257114
28.045118
27.849064
27.678978
27.523394
27.421505
27.405458
27.381594
27.381310
27.385765
27.369749
27.312462
27.239519
27.134850
27.025578
26.950550
26.906639
26.878906
26.873226
26.899248
26.935703
26.995123
27.044558
27.098652
27.206257
27.353500
27.515245
27.662785
27.767519
27.839321
27.882563
27.891703
27.906519
27.949305
27.994114
28.050751
28.112537
28.170073
28.246843
28.319122
28.429672
28.586086
28.767147
28.953770
29.122568
29.245171
29.338236
29.404892
29.449074
29.512068
29.597107
29.671930
29.732765
29.777332
29.810452
29.811495
29.745377
29.642670
29.489614
29.261063
29.012003
28.777769
28.531834
28.259617
27.969496
27.674353
27.406178
27.208094
27.062241
26.976051
26.938423
26.920500
26.858860
26.759489
26.665195
26.587866
26.538195
26.533478
26.595692
26.605822
26.554020
26.462223
26.344862
26.255079
26.205904
26.217447
26.226248
26.279026
26.384285
26.516449
26.652479
26.764791
26.816277
26.802887
26.758934
26.686895
26.603724
26.520824
26.413488
26.306301
26.245687
26.194706
26.161762
26.152805
26.202347
26.270756
26.360270
26.461964
26.564245
26.652346
26.721951
26.770966
26.805834
26.830214
26.833162
26.828587
26.807690
26.760616
26.700333
26.633678
26.568724
26.547119
26.525860
26.493546
26.467884
26.449335
26.444605
26.432779
26.420982
26.389551
26.382536
26.390768
26.423422
26.477978
26.570368
26.686182
26.815180
26.963503
27.111282
27.277361
27.431763
27.582628
27.724173
27.813583
27.832687
27.828659
27.867176
27.947237
28.045055
28.149719
28.279123
28.449377
28.656385
28.901739
29.175304
29.484686
29.812883
30.136444
30.435411
30.669781
30.805382
30.877811
30.932299
30.953728
31.015272
31.129391
31.238771
31.297386
31.297119
31.249573
31.137238
30.946821
30.782228
30.634302
30.445177
30.221088
29.929514
29.635628
29.337217
29.031713
28.758730
28.504223
28.274137
28.108278
28.016882
27.985355
28.077417
28.360916
28.593807
28.822865
29.051651
29.275530
29.443176
29.519691
29.548220
29.515568
29.459257
29.419538
29.451042
29.518068
29.619026
29.741703
29.894381
30.017296
30.101133
30.108444
30.057287
29.865423
29.546091
29.137999
28.664913
28.193220
27.729156
27.224459
26.728399
26.304468
25.983335
25.712574
25.573496
25.603939
25.743624
25.904779
26.116796
26.283306
26.380070
26.435190
26.482677
26.555967
26.612637
26.613297
26.587597
26.539660
26.467619
26.400160
26.323730
26.238125
26.138880
26.023066
25.939301
25.900484
25.851347
25.831032
25.840391
25.875175
25.911442
25.933878
25.940273
25.886934
25.795523
