975.109375
976.216553
981.445740
989.765991
999.219971
1008.542664
1017.526733
1022.597900
1020.926086
1014.301453
1003.619690
991.877075
980.313538
965.487671
950.020935
937.828430
930.951721
929.566284
934.190430
943.490601
956.742676
969.147339
982.634644
992.983459
1002.634766
1014.802490
1027.000122
1040.142212
1050.209595
1059.183105
1067.229858
1074.734253
1081.573120
1090.390015
1100.434937
1111.142334
1122.229980
1131.260010
1140.490967
1150.572144
1159.157593
1169.220825
1181.213623
1191.153687
1199.919800
1209.399536
1216.968628
1223.835571
1232.662964
1240.954712
